331,262
120,91
453,369
24,470
50,492
298,363
314,144
420,503
9,319
1,397
57,14
331,427
424,331
418,82
14,57
36,175
104,110
497,252
240,56
107,227
84,473
73,344
190,271
69,393
142,339
59,413
101,20
178,397
340,486
236,448
495,266
346,314
206,500
307,430
344,217
149,194
487,455
90,492
217,440
69,492
23,299
452,73
477,139
403,138
280,69
496,61
69,144
480,205
109,274
466,18
471,288
29,485
308,213
260,395
235,482
369,173
407,311
504,282
27,504
345,116
52,29
57,249
279,275
457,322
162,235
296,28
232,206
89,214
400,167
294,73
470,41
463,197
232,151
183,504
44,421
487,314
51,328
80,124
441,451
234,429
306,167
16,21
413,173
421,157
371,42
321,143
13,304
365,314
145,303
190,106
379,210
44,197
366,245
508,18
60,60
421,299
330,398
469,390
510,250
141,33
151,152
265,157
406,241
330,465
222,474
99,328
297,456
206,134
300,456
286,499
262,71
468,255
91,419
14,498
259,260
347,114
327,306
5,313
480,16
352,238
164,317
212,260
109,352
79,119
253,494
249,493
20,472
118,489
182,74
281,299
459,202
238,212
377,245
430,248
201,482
303,423
384,220
25,446
408,498
228,14
415,474
420,469
316,219
504,509
406,214
253,420
7,377
478,122
53,375
425,154
66,164
504,328
410,425
348,53
185,23
456,125
29,43
29,346
334,433
225,477
239,387
433,509
1,118
494,329
359,353
20,200
80,233
35,29
206,101
452,84
355,162
204,198
284,175
210,375
376,57
308,42
21,52
501,97
316,365
299,497
468,509
293,175
41,468
412,91
262,58
232,439
352,336
73,321
296,488
122,279
26,403
90,189
305,59
210,126
384,81
265,10
104,99
473,361
422,371
271,71
318,49
384,109
336,233
59,73
450,325
497,48
476,414
346,325
466,6
119,206
167,303
250,487
421,320
436,208
289,344
22,420
155,285
206,146
125,73
30,152
74,93
143,31
236,353
367,311
495,304
228,200
96,56
360,304
501,168
82,196
84,284
21,482
336,142
388,166
313,367
254,439
98,359
478,407
57,65
19,201
73,384
135,510
185,104
368,382
130,293
135,361
376,312
183,243
19,24
27,47
319,194
290,408
340,158
426,260
388,478
197,129
256,461
434,332
360,237
266,232
484,315
354,83
161,193
240,500
508,502
139,488
346,136
360,350
95,202
336,175
454,166
79,178
72,67
410,170
467,478
283,291
143,384
335,85
305,487
324,418
436,315
204,498
324,232
323,284
193,105
73,432
265,358
273,214
390,235
283,301
487,23
180,142
97,404
231,142
99,74
143,128
72,13
186,133
56,342
285,117
364,508
267,128
355,84
25,91
274,155
257,489
346,110
337,60
104,381
330,470
205,139
38,157
355,220
280,221
375,463
207,485
127,289
57,426
450,277
325,165
142,213
431,90
333,447
3,115
504,448
407,376
204,3
503,356
157,278
56,65
80,183
83,27
33,16
51,337
218,157
209,203
68,153
388,87
474,112
149,74
50,97
379,283
86,498
44,79
348,134
420,342
107,260
30,159
479,276
366,162
381,454
201,12
384,207
202,508
36,243
303,260
258,170
357,235
267,284
428,466
229,155
252,433
72,29
502,461
441,138
495,253
171,328
442,428
348,203
211,498
339,355
213,177
476,439
376,167
214,480
61,491
222,458
391,171
303,218
240,432
318,395
423,235
46,311
172,485
504,160
390,302
446,468
338,213
452,352
190,201
220,352
283,329
452,448
13,309
478,198
93,199
70,454
183,227
370,152
195,95
466,478
56,57
460,180
409,4
493,93
19,432
388,294
340,415
78,358
94,503
365,360
346,400
191,201
50,215
192,245
248,303
156,84
225,485
37,232
390,137
126,52
333,45
296,205
403,147
105,70
63,241
166,450
48,120
266,292
115,368
46,415
459,455
49,197
379,88
505,373
444,427
319,180
312,184
45,435
38,341
466,402
376,7
452,438
239,241
487,502
492,259
441,269
142,224
326,271
456,156
292,388
170,370
71,75
439,97
16,96
123,349
390,469
143,493
209,363
453,113
325,244
440,115
376,427
307,386
97,38
298,34
339,186
267,365
322,96
38,424
15,173
406,366
214,27
378,355
101,492
199,282
365,164
233,398
269,269
128,300
445,415
427,129
374,290
120,173
259,5
57,123
68,244
512,243
469,329
453,301
123,499
44,236
249,229
493,71
376,288
465,507
238,2
217,359
27,402
322,28
282,158
105,238
339,347
319,248
339,17
229,229
127,127
356,485
454,187
77,255
117,370
121,485
332,319
375,11
102,237
408,262
508,488
470,192
166,70
46,266
400,501
374,314
104,153
368,367
447,105
380,316
307,145
476,384
191,49
492,507
94,310
4,288
242,351
365,480
361,282
403,83
348,40
89,174
154,306
9,193
324,14
407,134
366,400
250,32
358,253
498,105
410,249
36,435
507,225
288,183
475,104
492,402
346,357
212,89
9,15
453,181
509,127
236,9
361,296
210,338
289,397
203,342
247,40
398,181
358,233
11,305
345,215
144,295
307,460
9,8
270,459
248,187
481,463
148,273
4,265
34,343
368,458
187,500
87,426
183,59
470,83
78,400
355,176
506,363
210,453
509,87
451,160
402,378
505,384
474,163
266,485
207,106
170,317
188,353
375,42
150,15
442,93
474,34
366,86
361,15
443,46
3,484
290,335
2,362
399,249
274,372
81,135
327,510
357,87
160,146
325,42
319,245
320,57
241,255
388,215
105,91
467,206
93,342
150,205
422,312
78,453
136,223
408,207
53,474
88,437
210,6
511,373
442,183
92,509
275,74
268,457
510,388
5,320
63,134
297,184
295,163
34,121
235,223
184,66
441,87
300,400
202,213
112,504
405,462
82,191
194,381
246,505
128,215
236,215
468,469
212,61
91,448
295,96
255,474
152,475
114,431
85,295
24,254
153,104
469,352
308,51
321,428
419,284
348,52
376,10
485,489
361,153
380,7
467,469
415,258
183,431
472,426
173,95
366,391
415,343
277,369
31,344
380,260
272,231
493,209
21,502
397,499
506,257
500,476
324,44
422,169
352,129
338,401
199,477
103,405
265,28
377,354
50,40
387,153
198,185
233,318
183,146
130,28
285,201
444,120
38,447
368,276
209,160
405,42
415,336
172,255
82,288
335,19
45,316
209,382
507,262
183,281
64,58
21,391
147,261
473,247
451,82
65,273
233,119
361,471
50,387
143,462
372,140
159,409
87,282
320,400
205,61
29,431
376,237
285,82
182,311
438,361
334,240
274,359
391,302
443,112
306,221
59,314
125,93
83,453
8,258
265,360
358,55
240,442
8,166
44,384
299,365
230,376
271,315
74,189
