2.334,316.14
3.2194,30.034
3.9783,429.34
4.3577,480.31
4.3577,278.95
4.4842,77.97
6.1285,147.54
8.0257,293.37
8.0257,97.702
8.5316,347.38
8.9111,489.29
8.9111,260.99
9.417,434.65
10.049,209.13
10.935,408.72
12.2,224.18
14.097,329.29
14.097,279.08
14.856,142.86
15.109,301.21
15.615,259.6
15.994,90.998
16.374,242.14
16.879,179.92
17.006,372.17
17.638,293.62
19.03,383.93
20.294,72.911
21.053,167.14
21.18,213.18
21.926,129.12
24.089,474.24
24.215,247.2
24.342,402.78
24.974,97.196
24.974,114.9
25.227,371.41
25.833,127.05
27.125,273.76
28.389,507.38
28.769,405.94
28.895,155.88
28.895,238.86
30.034,355.98
30.287,144.12
30.919,180.8
31.172,216.85
31.931,436.04
31.931,35.093
32.816,417.83
34.045,131.03
34.84,455.01
35.725,470.19
36.484,326.51
36.611,339.54
36.864,162.08
36.99,256.69
37.496,242.9
37.496,27.757
38.002,506.11
38.508,215.84
40.785,194.59
41.923,287.55
42.935,139.95
43.061,88.974
43.943,436.8
43.947,102.13
44.832,44.2
44.958,17.006
45.844,311.2
46.978,487.01
47.109,373.05
49.891,97.196
50.144,299.57
50.524,184.09
51.156,150.95
51.283,316.26
51.789,224.94
51.789,54.318
52.164,449.95
52.8,267.19
53.019,131.03
53.18,164.99
54.065,384.94
54.571,112.5
54.824,80.879
54.947,496.5
56.974,30.919
57.101,8.6581
58.109,438.95
58.239,347.12
58.998,139.95
59.377,320.44
59.757,257.83
65.196,239.24
65.196,352.06
65.575,142.6
66.081,94.16
66.84,47.741
69.243,196.61
69.366,470.44
69.998,409.99
70.128,284.26
71.014,66.208
71.393,378.62
72.152,150.7
72.279,79.994
73.038,478.54
73.291,199.39
73.793,418.71
74.172,464.5
75.061,95.425
78.852,440.09
80.247,205.46
80.876,407.96
82.144,40.911
85.306,154.11
85.686,19.915
87.049,240.05
87.204,286.03
87.33,176.37
87.962,226.08
88.089,355.22
88.215,71.773
88.974,324.1
90.619,302.73
91.125,250.49
93.022,26.998
94.283,496.12
95.045,136.91
95.172,10.049
95.804,62.919
98.081,324.1
99.472,224.44
99.848,477.91
99.978,379.12
100.48,463.61
103.39,188.01
104.03,137.16
104.53,295.27
105.92,108.07
106.05,20.294
106.05,158.67
107.06,461.21
107.94,492.07
108.57,181.56
109.84,302.35
109.97,353.07
110.09,403.79
110.22,54.065
112.25,284.77
113.13,391.01
115.92,164.36
116.93,248.09
117.05,324.61
118.7,277.31
119.71,476.9
120.97,64.057
121.1,206.35
121.99,147.16
122.11,406.19
122.87,442.75
123.88,25.986
124.01,316.01
125.02,11.947
125.27,203.44
125.78,502.07
125.87,235.89
126.03,263.9
126.54,486.63
126.67,289.58
126.91,401.9
126.92,100.1
127.8,365.08
128.94,119.96
129.07,441.99
129.31,218.94
131.5,135.85
131.72,389.71
132.23,80.374
134.51,117.43
134.88,426.05
135.07,310.1
135.99,255.98
136.92,216.98
140.38,148.09
141.46,402.4
142.09,461.21
142.22,442.24
142.58,210.17
142.73,112.5
144.07,230.82
144.12,42.176
144.24,489.04
144.75,28.895
145.9,345.99
147.92,70.128
148,167.7
148.22,268.33
148.92,471.71
150.05,362.72
150.98,355.22
151.24,402.9
151.55,329.48
152.04,195.05
152.34,61.022
153.86,382.91
154.11,303.87
154.67,327.29
155.96,277.84
158.38,308.02
158.73,156.05
158.79,424.15
159.05,113.13
159.93,96.057
160.12,211.9
163.22,227.94
163.98,276.92
164.03,263.13
165.12,79.109
165.53,489.04
167.77,37.243
169.9,342.87
170.94,50.018
171.99,299.02
174.1,101.88
174.73,123.12
176,30.919
176.13,384.3
176.88,13.97
177.88,232.67
178.94,397.21
180.34,473.66
180.93,89.101
181.09,356.02
181.23,147.97
181.56,17.891
183.24,406.19
183.84,78.982
184.92,281.02
185.14,423.39
185.86,26.745
186.06,345.99
186.11,114.52
186.28,438.57
187.92,508.01
188.16,172.9
188.16,218.94
188.8,414.03
188.9,107.95
189.07,234.98
189.99,269.83
190.58,400.25
190.92,296.14
190.92,12.958
191.73,251.02
192.85,477.78
193.93,146.93
194.02,338.14
194.99,127.93
196.11,78.982
196.34,280.67
198.16,452.23
198.76,66.966
199.14,111.99
199.94,487.9
200.03,253.21
200.31,505.48
200.5,181.67
202.11,238.32
202.34,267.63
203.98,507.12
204.07,22.065
204.07,52.927
204.99,393.29
205.92,294.06
206.89,424.03
206.98,91.125
207.06,157.91
207.53,233.25
207.88,249.4
208.16,478.16
208.47,172.67
209.02,374.6
210.08,201.28
211.07,457.92
211.92,57.227
212.48,350.6
212.61,302.25
212.73,147.62
213.05,70.002
213.85,502.07
215,284.51
216.22,7.8992
217,267.98
217.11,248.13
218.15,240.17
219.06,330.98
219.41,509.91
220.92,135.27
220.93,424.78
221.02,45.085
221.28,95.425
221.97,185.01
222.52,314.48
224.31,83.915
224.82,17.006
225.87,311.48
225.91,385.87
226.08,67.978
226.12,500.93
226.5,400.88
227.04,158.93
227.12,108.96
228.14,407.84
230.26,20.927
231.68,218.82
232.49,377.53
233.32,286.73
233.58,467.92
234.09,459.19
234.96,120.09
236.37,327.41
236.4,243.38
237.5,226.98
238.11,211.2
238.41,259.63
238.72,281.91
238.89,503.96
238.98,52.927
239.04,154.72
240.42,246.17
241.79,306.75
241.86,321.22
242.12,268.14
242.29,181.03
242.42,24.089
243.94,105.04
243.99,165.86
244.19,83.915
244.96,480.69
246.01,188.92
248.37,132.74
248.47,266.44
248.62,35.472
248.62,253.29
249.64,491.57
249.86,241.68
250.65,142.19
250.78,436.55
251.63,286.58
252.24,353.93
253.06,476.14
253.73,296.15
254.07,424.03
255.58,31.804
256.84,207.18
256.99,176.85
257.77,234.1
257.99,443.88
259.88,121.48
260.85,388.81
261.63,227.45
261.9,402.78
261.94,152.09
262.03,58.872
262.42,371.34
262.49,17.385
262.67,495.24
262.7,344.73
263.01,328.33
263.04,91.883
263.17,79.994
263.95,133.99
264.73,211.82
268.23,101.5
268.98,452.99
270.88,107.95
271.83,358.04
272.92,258.86
273.03,56.089
275.1,143.89
276.68,369.49
278.04,179.48
278.34,78.223
278.81,159.98
280.36,228.68
281.13,197.43
282.14,134.25
283.15,112.12
283.9,314.87
284.63,232.62
285.71,496.77
286.07,347.05
287.01,213.83
287.96,482.08
288.87,168.18
290.09,272.16
290.1,225.28
292,465.01
293.03,310.69
293.04,153.02
293.2,195.26
293.4,82.903
294.11,42.429
295.04,291.81
295.2,309.3
295.37,131.2
296.05,33.955
297.19,396.07
297.27,337.96
297.9,92.769
298.61,223.58
299.08,210.74
299.59,496.25
301.54,282.53
302.12,441.1
302.8,387.8
304.18,171.59
304.98,18.018
308.15,302.98
308.83,186.91
308.97,355.1
309.45,158.9
312.08,205.78
312.57,92.516
312.97,367.76
313.15,263.03
313.4,388.38
314.07,244.62
314.09,76.073
315.02,133.83
315.74,53.18
316.1,171.9
318.57,181.8
318.72,240.75
321.21,148.84
321.5,337.31
321.68,98.84
322.99,397.97
323.2,275.88
323.98,291.04
324.08,84.927
325.38,216
327.04,459.82
328.15,386.94
328.89,47.235
329.43,156.53
329.55,358.35
332.56,114.52
333.12,147.14
333.73,317.65
334,488.91
334.19,253.91
334.75,453.12
335.26,503.71
336.17,365.75
336.52,174.84
338.12,26.113
340.22,305.9
340.24,163.7
341.46,361.6
341.96,463.74
342.39,284.85
342.85,313.48
343.64,128.88
346.27,189.23
346.75,227.69
347.02,432.12
347.33,364.75
347.97,176.54
348.87,112.12
349.07,196.77
349.2,280.36
350.27,90.998
351.07,127.18
351.35,12.073
353.85,406.32
356.95,181.03
357.09,313.94
357.1,29.022
357.14,483.09
357.22,377.92
358.17,261.18
358.74,122.11
359.11,153.95
359.57,281.91
359.57,350.61
360.05,473.99
360.18,424.91
360.18,456.53
361.11,290.27
361.9,52.8
365.14,230.7
365.92,197.89
366.02,45.97
366.06,246.01
366.09,381.93
366.99,324.93
369.11,67.852
370.42,485.88
371.03,161.22
371.17,344.58
372.91,17.132
373.16,118.19
373.34,242.76
373.84,414.03
374.34,460.2
375.19,307.75
375.94,45.97
376.43,249.42
376.82,215.97
381.33,408.67
382.72,400.57
382.96,194.99
383.85,328.95
383.94,147.96
383.99,316.21
385.37,447.17
385.83,484.86
385.88,368.88
386.16,234.72
386.76,426.93
387.02,42.049
387.02,93.148
387.14,100.23
387.98,471.84
388.03,387.85
388.91,30.034
388.91,72.785
390,207.11
391.82,352.94
392.08,14.476
395.11,46.223
398.02,451.09
398.98,234.93
399.16,58.366
399.36,495.49
399.99,185.99
400.17,94.919
400.68,375.2
400.88,148.8
400.88,475
401.06,411.88
402.95,103.01
404.8,280.72
404.98,25.733
406.82,169.8
408.22,246.19
408.22,306.9
408.9,405.69
409.61,293.62
409.73,150.95
410.8,96.057
411,204.2
411,329.16
411.12,476.9
411.93,394.93
412.9,337.76
413.02,156.9
415.05,240.37
416.11,449.95
416.31,485.24
418.13,92.136
418.39,404.67
418.59,145.64
419.22,255.05
420.74,190.16
420.79,368.75
421.55,409.61
422,230.89
423.01,503.08
424.03,239.36
424.15,308.29
424.33,15.615
424.46,376.97
425.09,11.061
426.48,118.82
426.86,352.94
426.93,477.91
426.99,94.034
427.95,213.18
427.95,268.96
428.38,57.227
428.88,100.61
429.84,473.61
430.1,173.72
430.1,190.92
430.35,510.54
430.6,247.46
431.11,334.98
431.74,309.81
431.92,122.11
433.94,64.057
434.52,180.67
434.68,272.81
435.03,289.07
437.1,391.77
437.1,103.9
438.19,321.2
438.57,501.05
439.46,184.59
439.84,243.03
440.77,121.23
440.85,259.85
441.03,115.79
441.35,458.68
441.35,482.59
442.16,85.18
442.67,13.085
443.12,180.67
443.76,145.51
444.69,348.64
445.4,198
445.4,296.53
445.96,28.895
446.08,388.99
446.29,335.61
447.3,304.5
447.93,165.24
447.93,323.98
449.07,251.63
449.2,212.04
449.83,17.006
449.88,436.8
450.59,452.61
450.84,469.94
450.89,370.02
451.35,299.06
452.1,244.93
452.86,34.713
455.01,174.6
455.77,144.88
458.05,155
458.93,229.24
459.11,390.89
459.57,101.37
460.07,132.1
460.07,506.75
460.83,59.125
461.08,443.25
461.72,240.88
462.22,17.132
463.11,275.28
463.11,320.06
463.11,331.95
464.12,118.44
466.02,299.82
467.92,31.045
468.93,151.46
469.48,398.98
471.96,135.9
472.09,112.12
472.09,183.96
473.99,78.982
474.29,443.88
474.62,17.259
475.12,455.52
475.18,416.82
475.76,206.98
475.88,489.04
476.82,360.78
476.9,276.67
476.95,409.1
477.07,344.09
478.03,297.92
478.21,398.98
479.05,237.08
480.28,101.93
480.69,50.903
481.07,32.943
481.66,250.62
482.21,175.99
482.71,141.72
482.97,268.07
486.76,480.31
488.91,12.706
488.91,302.98
489.04,463.24
489.09,351.93
489.64,70.712
489.92,501.31
490.05,138.68
490.81,108.2
490.93,130.97
490.93,337.13
492.71,189.15
494.1,213.05
494.98,200.66
496.05,358.76
496.12,243.41
497.56,342.82
500.04,474.11
500.29,210.14
500.55,23.962
500.67,232.41
501.05,444.77
501.23,438.07
501.31,300.33
502.95,221.02
502.95,326.51
503.08,128.94
504.72,87.077
505.61,248.22
506.11,72.785
506.11,300.83
507.93,353.07
508.14,311.2
508.39,500.17
510.21,389.62
510.29,137.8
510.29,430.1
