0 2873.9402 1764.2911
4000 1487.4771 1458.5887
8000 1412.4348 1115.2842
12000 740.2077 747.3366
16000 776.4274 646.4179
20000 575.8815 628.2016
24000 600.7701 585.4590
28000 679.4470 554.5534
32000 574.5651 550.4071
36000 620.2233 529.6862
40000 477.6323 555.0110
44000 613.8904 560.0368
48000 692.6459 543.8985
52000 553.5771 524.5923
56000 539.6492 560.2757
60000 566.9930 535.8026
64000 475.6024 527.0820
68000 704.6200 543.6267
72000 591.6641 515.3741
76000 481.6077 509.5202
80000 591.7721 580.8320
84000 680.5492 533.9949
88000 520.9133 520.6276
92000 611.3196 517.8982
96000 566.3919 516.8859
100000 470.1500 500.4317
104000 499.6180 502.1246
108000 490.8047 532.4986
112000 566.0148 531.9210
116000 496.5960 503.4680
120000 611.0588 514.3683
124000 550.7266 511.0636
128000 511.8644 511.9212
132000 667.8889 508.8251
136000 478.3800 503.6625
140000 492.8972 505.7209
144000 610.1896 517.6505
148000 466.5913 510.7726
152000 491.6123 510.6451
156000 471.1522 508.4882
160000 533.4832 532.5638
164000 452.0575 509.9372
168000 587.0078 595.9436
172000 469.8223 517.6330
176000 430.9051 530.1893
180000 461.7630 511.6764
184000 615.3948 521.0755
188000 443.3753 515.0121
192000 522.3864 576.3154
196000 594.9140 518.4007
200000 606.0525 521.3384
204000 505.6756 521.0539
208000 494.0137 524.6292
212000 478.3234 517.0313
216000 564.8928 564.6754
220000 495.3060 521.2833
224000 551.1133 522.9385
228000 492.8544 563.7763
232000 467.7115 536.7960
236000 574.1427 521.1968
240000 492.3950 539.9824
244000 594.6695 544.8685
248000 460.4045 533.0778
252000 465.0198 528.5714
256000 630.3141 531.1331
260000 572.5755 524.9901
264000 466.1497 519.3237
268000 698.7587 686.5729
272000 544.9118 557.5596
276000 451.4128 529.9697
280000 474.8607 528.0531
284000 483.7791 522.2173
288000 504.5880 519.5966
292000 484.7041 539.0149
296000 429.5923 530.0518
300000 480.9927 532.1358
304000 460.9509 553.6455
308000 417.9873 516.0965
312000 572.0123 527.2836
316000 522.0478 530.3615
320000 587.0399 524.1199
324000 547.3517 541.8366
328000 473.2666 521.5843
332000 556.9798 525.6605
336000 468.7995 526.1867
340000 484.0967 588.9404
344000 489.5529 516.5328
348000 495.9683 523.9285
352000 433.1085 518.0580
356000 460.8949 519.7037
360000 422.9543 529.5615
364000 571.3148 520.1326
368000 517.5062 527.3938
372000 472.9068 518.0629
376000 548.2503 526.7527
380000 574.8866 522.5662
384000 456.5393 546.1548
388000 540.9498 538.9417
392000 502.5297 533.5225
396000 435.4561 530.8089
400000 518.6477 533.3585
