0 2321.3057 1590.5524
4000 1452.4852 1426.8415
8000 1881.9786 1394.3916
12000 1413.0874 1388.3988
16000 1872.7573 1385.8140
20000 1272.5352 1382.8471
24000 1489.3918 1381.1123
28000 1863.9000 1380.4369
32000 1489.6536 1380.3583
36000 1866.9066 1387.4642
40000 1270.8966 1378.5295
44000 1493.2151 1386.9553
48000 1989.5453 1379.9991
52000 1655.5103 1380.7638
56000 1317.4935 1293.2635
60000 1527.6094 1278.1179
64000 1171.3572 1277.6740
68000 1598.8911 1133.9457
72000 1376.3573 1040.7609
76000 1103.0494 1031.8590
80000 1358.0425 1027.0955
84000 1464.6305 1060.4536
88000 1131.7362 1026.5550
92000 1427.6304 1028.4776
96000 1314.9944 1028.8957
100000 1067.6622 1008.2988
104000 1118.1652 1009.2066
108000 1009.1857 1004.2726
112000 1325.9093 1003.9886
116000 1018.2363 1006.2570
120000 1408.2792 998.2184
124000 1296.8856 1000.8432
128000 1169.4192 1018.6312
132000 1407.1370 997.6457
136000 1057.1263 995.3231
140000 1105.0287 992.9384
144000 1390.3242 1002.9410
148000 1041.9705 992.8294
152000 1095.2675 985.7089
156000 1004.6012 994.3376
160000 1284.1036 990.7282
164000 985.5270 983.2510
168000 1064.0646 1011.4656
172000 990.3528 984.8436
176000 920.4621 996.3977
180000 1038.8396 990.3020
184000 1377.0148 1004.9018
188000 916.6488 995.6585
192000 1087.4929 999.9535
196000 1384.0037 983.0239
200000 1407.0045 985.2688
204000 1084.9614 982.3210
208000 1136.0950 985.4192
212000 1084.1869 990.2749
216000 1034.7827 988.3309
220000 1041.6223 986.6673
224000 1268.0579 990.6945
228000 1139.8883 1013.7863
232000 1028.5054 987.0336
236000 1368.1620 987.1572
240000 1139.2946 1007.5775
244000 1402.3790 993.8728
248000 980.7451 983.8595
252000 1035.1549 985.4783
256000 1410.1461 978.2589
260000 1371.7910 981.6657
264000 984.6527 985.0247
268000 1392.6896 991.5236
272000 1269.2466 1007.3300
276000 988.5262 992.6923
280000 1083.4633 977.7537
284000 1087.4559 981.3038
288000 1138.2474 975.7980
292000 1035.1000 990.1171
296000 900.7518 983.4026
300000 1051.7599 1000.1262
304000 932.1952 1028.9119
308000 891.1969 980.9376
312000 1363.0844 985.6753
316000 1275.8470 989.2797
320000 1388.2933 981.6227
324000 1273.9095 989.6844
328000 1092.0314 979.0125
332000 1363.8644 994.3871
336000 1023.0265 976.5054
340000 908.9329 1006.0644
344000 1141.1687 978.1420
348000 1157.1334 980.4649
352000 971.8505 975.1649
356000 1030.1417 984.6429
360000 895.2697 978.1816
364000 1376.6743 979.2205
368000 1261.9673 989.5524
372000 1080.3176 980.1757
376000 1281.9993 980.3916
380000 1371.2188 976.1876
384000 921.4305 1006.7783
388000 1265.0707 984.6764
392000 1138.5031 974.7727
396000 976.4579 975.4981
400000 1270.8306 978.7233
